U3_M2_Lower = {
	3800, 3800, 3800, 3800, 3800, 3800, 3800, 3800, 3800, 3800, 3800, 3800, 3800, 3800,
	3800, 3800, 3800, 3800, 3800, 3800, 3800, 3800, 3800, 3800, 3800, 3800, 3800, 3800,
	3800, 3800, 3800, 3800, 3800, 3800, 3800, 3800, 3800, 3800, 3800, 3800, 3800, 3800,
	3800, 3800, 3800, 3800, 3800, 3800, 3800, 3800, 3800, 3800, 3800, 3800, 3800, 3800,
	3800, 3800, 3800, 3800, 3800, 3800, 3800, 3800, 3800, 3800, 3800, 3800, 3800, 3800,
	3800, 3800, 3800, 3800, 3800, 3800, 3800, 3800, 3800, 3800, 3800, 3800, 3800, 3800,
	3800, 3800, 3800, 3800, 3800, 3800, 3800, 3800, 3800, 3800, 3800, 3800, 3800, 3800,
	3800, 3800, 3800, 3800, 3800, 3800, 3800, 3800, 3800, 3800, 3800, 3800, 3800, 3800,
	3800, 3800, 3800, 3800, 3800, 3800, 3800, 3800, 3800, 3800, 3800, 3800, 3800, 3800,
	3800, 3800, 3800, 3800, 3800, 3800, 3800, 3800, 3800, 3800, 3800, 3800, 3800, 3800,
	3800, 3800, 3800, 3800, 3800, 3800, 3800, 3800, 3800, 3800, 3800, 3800, 3800, 3800,
	3800, 3800, 3800, 3800, 3800, 3800, 3800, 3800, 3800, 3800, 3800, 3800, 3800, 3800,
	3800, 3800, 3800, 3800, 3800, 3800, 3800, 3800, 3800, 3800, 3800, 3800, 3800, 3800,
	3800, 3800, 3800, 3800, 3800, 3800, 3800, 3800, 3800, 3800, 3800, 3800, 3800, 3800,
	3800, 3800, 3800, 3800, 3800, 3800, 3800, 3800, 3800, 3800, 3800, 3800, 3800, 3800,
	3800, 3800, 3800, 3800, 3800, 3800, 3800, 3800, 3800, 3800, 3800, 3800, 3800, 3800,
	3800, 3800, 3800, 3800, 3800, 3800, 3800, 3800, 3800, 3800, 3800, 3800, 3800, 3800,
	3800, 3800, 3800, 3800, 3800, 3800, 3800, 3800, 3800, 3800, 3800, 3800, 3800, 3800,
	3800, 3800, 3800, 3800, 3800, 3800, 3800, 3800, 3800, 3800, 3800, 3800, 3800, 3800,
	3800, 3800, 3800, 3800, 3800, 3800, 3800, 3800, 3800, 3800, 3800, 3800, 3800, 3800,
	3800, 3800, 3800, 3800, 3800, 3800, 3800, 3800, 3800, 3800, 3800, 3800, 3800, 3800,
	3800, 3800, 3800, 3800, 3800, 3800, 3800, 3800, 3800, 3800, 3800, 3800, 3800, 3800,
	3800, 3800, 3800, 3800, 3800, 3800, 3800, 3800, 3800, 3800, 3800, 3800, 3800, 3800,
	3800, 3800, 3800, 3800, 3800, 3800, 3800, 3800, 3800, 3800, 3800, 3800, 3800, 3800,
	3800, 3800, 3800, 3800, 3800, 3800, 3800, 3800, 3800, 3800, 3800, 3800, 3800, 3800,
	3800, 3800, 3800, 3800, 3800, 3800, 3800, 3800, 3800, 3800, 3800, 3800, 3800, 3800,
	3800, 3800, 3800, 3800, 3800, 3800, 3800, 3800, 3800, 3800, 3800, 3800, 3800, 3800,
	3800, 3800, 3800, 3800, 3800, 3800, 3800, 3800, 3800, 3800, 3800, 3800, 3800, 3800,
}
U3_M2_Upper = {
	5200, 5200, 5200, 5200, 5200, 5200, 5200, 5200, 5200, 5200, 5200, 5200, 5200, 5200,
	5200, 5200, 5200, 5200, 5200, 5200, 5200, 5200, 5200, 5200, 5200, 5200, 5200, 5200,
	5200, 5200, 5200, 5200, 5200, 5200, 5200, 5200, 5200, 5200, 5200, 5200, 5200, 5200,
	5200, 5200, 5200, 5200, 5200, 5200, 5200, 5200, 5200, 5200, 5200, 5200, 5200, 5200,
	5200, 5200, 5200, 5200, 5200, 5200, 5200, 5200, 5200, 5200, 5200, 5200, 5200, 5200,
	5200, 5200, 5200, 5200, 5200, 5200, 5200, 5200, 5200, 5200, 5200, 5200, 5200, 5200,
	5200, 5200, 5200, 5200, 5200, 5200, 5200, 5200, 5200, 5200, 5200, 5200, 5200, 5200,
	5200, 5200, 5200, 5200, 5200, 5200, 5200, 5200, 5200, 5200, 5200, 5200, 5200, 5200,
	5200, 5200, 5200, 5200, 5200, 5200, 5200, 5200, 5200, 5200, 5200, 5200, 5200, 5200,
	5200, 5200, 5200, 5200, 5200, 5200, 5200, 5200, 5200, 5200, 5200, 5200, 5200, 5200,
	5200, 5200, 5200, 5200, 5200, 5200, 5200, 5200, 5200, 5200, 5200, 5200, 5200, 5200,
	5200, 5200, 5200, 5200, 5200, 5200, 5200, 5200, 5200, 5200, 5200, 5200, 5200, 5200,
	5200, 5200, 5200, 5200, 5200, 5200, 5200, 5200, 5200, 5200, 5200, 5200, 5200, 5200,
	5200, 5200, 5200, 5200, 5200, 5200, 5200, 5200, 5200, 5200, 5200, 5200, 5200, 5200,
	5200, 5200, 5200, 5200, 5200, 5200, 5200, 5200, 5200, 5200, 5200, 5200, 5200, 5200,
	5200, 5200, 5200, 5200, 5200, 5200, 5200, 5200, 5200, 5200, 5200, 5200, 5200, 5200,
	5200, 5200, 5200, 5200, 5200, 5200, 5200, 5200, 5200, 5200, 5200, 5200, 5200, 5200,
	5200, 5200, 5200, 5200, 5200, 5200, 5200, 5200, 5200, 5200, 5200, 5200, 5200, 5200,
	5200, 5200, 5200, 5200, 5200, 5200, 5200, 5200, 5200, 5200, 5200, 5200, 5200, 5200,
	5200, 5200, 5200, 5200, 5200, 5200, 5200, 5200, 5200, 5200, 5200, 5200, 5200, 5200,
	5200, 5200, 5200, 5200, 5200, 5200, 5200, 5200, 5200, 5200, 5200, 5200, 5200, 5200,
	5200, 5200, 5200, 5200, 5200, 5200, 5200, 5200, 5200, 5200, 5200, 5200, 5200, 5200,
	5200, 5200, 5200, 5200, 5200, 5200, 5200, 5200, 5200, 5200, 5200, 5200, 5200, 5200,
	5200, 5200, 5200, 5200, 5200, 5200, 5200, 5200, 5200, 5200, 5200, 5200, 5200, 5200,
	5200, 5200, 5200, 5200, 5200, 5200, 5200, 5200, 5200, 5200, 5200, 5200, 5200, 5200,
	5200, 5200, 5200, 5200, 5200, 5200, 5200, 5200, 5200, 5200, 5200, 5200, 5200, 5200,
	5200, 5200, 5200, 5200, 5200, 5200, 5200, 5200, 5200, 5200, 5200, 5200, 5200, 5200,
	5200, 5200, 5200, 5200, 5200, 5200, 5200, 5200, 5200, 5200, 5200, 5200, 5200, 5200,
}
U0_M2_Lower = {
	3800, 3800, 3800, 3800, 3800, 3800, 3800, 3800, 3800, 3800, 3800, 3800, 3800, 3800, 
	3800, 3800, 3800, 3800, 3800, 3800, 3800, 3800, 3800, 3800, 3800, 3800, 3800, 3800,
	3800, 3800, 3800, 3800, 3800, 3800, 3800, 3800, 3800, 3800, 3800, 3800, 3800, 3800,
	3800, 3800, 3800, 3800, 3800, 3800, 3800, 3800, 3800, 3800, 3800, 3800, 3800, 3800, 
	3800, 3800, 3800, 3800, 3800, 3800, 3800, 3800, 3800, 3800, 3800, 3800, 3800, 3800, 
	3800, 3800, 3800, 3800, 3800, 3800, 3800, 3800, 3800, 3800, 3800, 3800, 3800, 3800, 
	3800, 3800, 3800, 3800, 3800, 3800, 3800, 3800, 3800, 3800, 3800, 3800, 3800, 3800, 
	3800, 3800, 3800, 3800, 3800, 3800, 3800, 3800, 3800, 3800, 3800, 3800, 3800, 3800,
	3800, 3800, 3800, 3800, 3800, 3800, 3800, 3800, 3800, 3800, 3800, 3800, 3800, 3800, 
	3800, 3800, 3800, 3800, 3800, 3800, 3800, 3800, 3800, 3800, 3800, 3800, 3800, 3800,
	3800, 3800, 3800, 3800, 3800, 3800, 3800, 3800, 3800, 3800, 3800, 3800, 3800, 3800,
	3800, 3800, 3800, 3800, 3800, 3800, 3800, 3800, 3800, 3800, 3800, 3800, 3800, 3800,
	3800, 3800, 3800, 3800, 3800, 3800, 3800, 3800, 3800, 3800, 3800, 3800, 3800, 3800, 
	3800, 3800, 3800, 3800, 3800, 3800, 3800, 3800, 3800, 3800, 3800, 3800, 3800, 3800,
	3800, 3800, 3800, 3800, 3800, 3800, 3800, 3800, 3800, 3800, 3800, 3800, 3800, 3800,
	3800, 3800, 3800, 3800, 3800, 3800, 3800, 3800, 3800, 3800, 3800, 3800, 3800, 3800, 
	3800, 3800, 3800, 3800, 3800, 3800, 3800, 3800, 3800, 3800, 3800, 3800, 3800, 3800,
	3800, 3800, 3800, 3800, 3800, 3800, 3800, 3800, 3800, 3800, 3800, 3800, 3800, 3800,
	3800, 3800, 3800, 3800, 3800, 3800, 3800, 3800, 3800, 3800, 3800, 3800, 3800, 3800, 
	3800, 3800, 3800, 3800, 3800, 3800, 3800, 3800, 3800, 3800, 3800, 3800, 3800, 3800, 
	3800, 3800, 3800, 3800, 3800, 3800, 3800, 3800, 3800, 3800, 3800, 3800, 3800, 3800, 
	3800, 3800, 3800, 3800, 3800, 3800, 3800, 3800, 3800, 3800, 3800, 3800, 3800, 3800, 
	3800, 3800, 3800, 3800, 3800, 3800, 3800, 3800, 3800, 3800, 3800, 3800, 3800, 3800,
	3800, 3800, 3800, 3800, 3800, 3800, 3800, 3800, 3800, 3800, 3800, 3800, 3800, 3800, 
	3800, 3800, 3800, 3800, 3800, 3800, 3800, 3800, 3800, 3800, 3800, 3800, 3800, 3800,
	3800, 3800, 3800, 3800, 3800, 3800, 3800, 3800, 3800, 3800, 3800, 3800, 3800, 3800,
	3800, 3800, 3800, 3800, 3800, 3800, 3800, 3800, 3800, 3800, 3800, 3800, 3800, 3800,
	3800, 3800, 3800, 3800, 3800, 3800, 3800, 3800, 3800, 3800, 3800, 3800, 3800, 3800, 
}
U0_M2_Upper = {
	5200, 5200, 5200, 5200, 5200, 5200, 5200, 5200, 5200, 5200, 5200, 5200, 5200, 5200, 
	5200, 5200, 5200, 5200, 5200, 5200, 5200, 5200, 5200, 5200, 5200, 5200, 5200, 5200, 
	5200, 5200, 5200, 5200, 5200, 5200, 5200, 5200, 5200, 5200, 5200, 5200, 5200, 5200, 
	5200, 5200, 5200, 5200, 5200, 5200, 5200, 5200, 5200, 5200, 5200, 5200, 5200, 5200, 
	5200, 5200, 5200, 5200, 5200, 5200, 5200, 5200, 5200, 5200, 5200, 5200, 5200, 5200, 
	5200, 5200, 5200, 5200, 5200, 5200, 5200, 5200, 5200, 5200, 5200, 5200, 5200, 5200, 
	5200, 5200, 5200, 5200, 5200, 5200, 5200, 5200, 5200, 5200, 5200, 5200, 5200, 5200, 
	5200, 5200, 5200, 5200, 5200, 5200, 5200, 5200, 5200, 5200, 5200, 5200, 5200, 5200,
	5200, 5200, 5200, 5200, 5200, 5200, 5200, 5200, 5200, 5200, 5200, 5200, 5200, 5200, 
	5200, 5200, 5200, 5200, 5200, 5200, 5200, 5200, 5200, 5200, 5200, 5200, 5200, 5200, 
	5200, 5200, 5200, 5200, 5200, 5200, 5200, 5200, 5200, 5200, 5200, 5200, 5200, 5200, 
	5200, 5200, 5200, 5200, 5200, 5200, 5200, 5200, 5200, 5200, 5200, 5200, 5200, 5200, 
	5200, 5200, 5200, 5200, 5200, 5200, 5200, 5200, 5200, 5200, 5200, 5200, 5200, 5200, 
	5200, 5200, 5200, 5200, 5200, 5200, 5200, 5200, 5200, 5200, 5200, 5200, 5200, 5200, 
	5200, 5200, 5200, 5200, 5200, 5200, 5200, 5200, 5200, 5200, 5200, 5200, 5200, 5200, 
	5200, 5200, 5200, 5200, 5200, 5200, 5200, 5200, 5200, 5200, 5200, 5200, 5200, 5200,
	5200, 5200, 5200, 5200, 5200, 5200, 5200, 5200, 5200, 5200, 5200, 5200, 5200, 5200, 
	5200, 5200, 5200, 5200, 5200, 5200, 5200, 5200, 5200, 5200, 5200, 5200, 5200, 5200, 
	5200, 5200, 5200, 5200, 5200, 5200, 5200, 5200, 5200, 5200, 5200, 5200, 5200, 5200, 
	5200, 5200, 5200, 5200, 5200, 5200, 5200, 5200, 5200, 5200, 5200, 5200, 5200, 5200, 
	5200, 5200, 5200, 5200, 5200, 5200, 5200, 5200, 5200, 5200, 5200, 5200, 5200, 5200, 
	5200, 5200, 5200, 5200, 5200, 5200, 5200, 5200, 5200, 5200, 5200, 5200, 5200, 5200, 
	5200, 5200, 5200, 5200, 5200, 5200, 5200, 5200, 5200, 5200, 5200, 5200, 5200, 5200, 
	5200, 5200, 5200, 5200, 5200, 5200, 5200, 5200, 5200, 5200, 5200, 5200, 5200, 5200,
	5200, 5200, 5200, 5200, 5200, 5200, 5200, 5200, 5200, 5200, 5200, 5200, 5200, 5200, 
	5200, 5200, 5200, 5200, 5200, 5200, 5200, 5200, 5200, 5200, 5200, 5200, 5200, 5200, 
	5200, 5200, 5200, 5200, 5200, 5200, 5200, 5200, 5200, 5200, 5200, 5200, 5200, 5200, 
	5200, 5200, 5200, 5200, 5200, 5200, 5200, 5200, 5200, 5200, 5200, 5200, 5200, 5200,
}
U0_M1_Lower = {
	300, 300, 300, 300, 300, 300, 300, 300, 300, 300, 300, 300, 300, 300,
	300, 300, 300, 300, 300, 300, 300, 300, 300, 300, 300, 300, 300, 300,
	300, 300, 300, 300, 300, 300, 300, 300, 300, 300, 300, 300, 300, 300,
	300, 300, 300, 300, 300, 300, 300, 300, 300, 300, 300, 300, 300, 300,
	300, 300, 300, 300, 300, 300, 300, 300, 300, 300, 300, 300, 300, 300,
	300, 300, 300, 300, 300, 300, 300, 300, 300, 300, 300, 300, 300, 300,
	300, 300, 300, 300, 300, 300, 300, 300, 300, 300, 300, 300, 300, 300,
	300, 300, 300, 300, 300, 300, 300, 300, 300, 300, 300, 300, 300, 300,
	300, 300, 300, 300, 300, 300, 300, 300, 300, 300, 300, 300, 300, 300,
	300, 300, 300, 300, 300, 300, 300, 300, 300, 300, 300, 300, 300, 300,
	300, 300, 300, 300, 300, 300, 300, 300, 300, 300, 300, 300, 300, 300,
	300, 300, 300, 300, 300, 300, 300, 300, 300, 300, 300, 300, 300, 300,
	300, 300, 300, 300, 300, 300, 300, 300, 300, 300, 300, 300, 300, 300,
	300, 300, 300, 300, 300, 300, 300, 300, 300, 300, 300, 300, 300, 300,
	300, 300, 300, 300, 300, 300, 300, 300, 300, 300, 300, 300, 300, 300,
	300, 300, 300, 300, 300, 300, 300, 300, 300, 300, 300, 300, 300, 300,
	300, 300, 300, 300, 300, 300, 300, 300, 300, 300, 300, 300, 300, 300,
	300, 300, 300, 300, 300, 300, 300, 300, 300, 300, 300, 300, 300, 300,
	300, 300, 300, 300, 300, 300, 300, 300, 300, 300, 300, 300, 300, 300,
	300, 300, 300, 300, 300, 300, 300, 300, 300, 300, 300, 300, 300, 300,
	300, 300, 300, 300, 300, 300, 300, 300, 300, 300, 300, 300, 300, 300,
	300, 300, 300, 300, 300, 300, 300, 300, 300, 300, 300, 300, 300, 300,
	300, 300, 300, 300, 300, 300, 300, 300, 300, 300, 300, 300, 300, 300,
	300, 300, 300, 300, 300, 300, 300, 300, 300, 300, 300, 300, 300, 300,
	300, 300, 300, 300, 300, 300, 300, 300, 300, 300, 300, 300, 300, 300,
	300, 300, 300, 300, 300, 300, 300, 300, 300, 300, 300, 300, 300, 300,
	300, 300, 300, 300, 300, 300, 300, 300, 300, 300, 300, 300, 300, 300,
	300, 300, 300, 300, 300, 300, 300, 300, 300, 300, 300, 300, 300, 300,
}
U0_M1_Upper = {
	1700, 1700, 1700, 1700, 1700, 1700, 1700, 1700, 1700, 1700, 1700, 1700, 1700, 1700,
	1700, 1700, 1700, 1700, 1700, 1700, 1700, 1700, 1700, 1700, 1700, 1700, 1700, 1700,
	1700, 1700, 1700, 1700, 1700, 1700, 1700, 1700, 1700, 1700, 1700, 1700, 1700, 1700,
	1700, 1700, 1700, 1700, 1700, 1700, 1700, 1700, 1700, 1700, 1700, 1700, 1700, 1700,
	1700, 1700, 1700, 1700, 1700, 1700, 1700, 1700, 1700, 1700, 1700, 1700, 1700, 1700,
	1700, 1700, 1700, 1700, 1700, 1700, 1700, 1700, 1700, 1700, 1700, 1700, 1700, 1700,
	1700, 1700, 1700, 1700, 1700, 1700, 1700, 1700, 1700, 1700, 1700, 1700, 1700, 1700,
	1700, 1700, 1700, 1700, 1700, 1700, 1700, 1700, 1700, 1700, 1700, 1700, 1700, 1700,
	1700, 1700, 1700, 1700, 1700, 1700, 1700, 1700, 1700, 1700, 1700, 1700, 1700, 1700,
	1700, 1700, 1700, 1700, 1700, 1700, 1700, 1700, 1700, 1700, 1700, 1700, 1700, 1700,
	1700, 1700, 1700, 1700, 1700, 1700, 1700, 1700, 1700, 1700, 1700, 1700, 1700, 1700,
	1700, 1700, 1700, 1700, 1700, 1700, 1700, 1700, 1700, 1700, 1700, 1700, 1700, 1700,
	1700, 1700, 1700, 1700, 1700, 1700, 1700, 1700, 1700, 1700, 1700, 1700, 1700, 1700,
	1700, 1700, 1700, 1700, 1700, 1700, 1700, 1700, 1700, 1700, 1700, 1700, 1700, 1700,
	1700, 1700, 1700, 1700, 1700, 1700, 1700, 1700, 1700, 1700, 1700, 1700, 1700, 1700,
	1700, 1700, 1700, 1700, 1700, 1700, 1700, 1700, 1700, 1700, 1700, 1700, 1700, 1700,
	1700, 1700, 1700, 1700, 1700, 1700, 1700, 1700, 1700, 1700, 1700, 1700, 1700, 1700,
	1700, 1700, 1700, 1700, 1700, 1700, 1700, 1700, 1700, 1700, 1700, 1700, 1700, 1700,
	1700, 1700, 1700, 1700, 1700, 1700, 1700, 1700, 1700, 1700, 1700, 1700, 1700, 1700,
	1700, 1700, 1700, 1700, 1700, 1700, 1700, 1700, 1700, 1700, 1700, 1700, 1700, 1700,
	1700, 1700, 1700, 1700, 1700, 1700, 1700, 1700, 1700, 1700, 1700, 1700, 1700, 1700,
	1700, 1700, 1700, 1700, 1700, 1700, 1700, 1700, 1700, 1700, 1700, 1700, 1700, 1700,
	1700, 1700, 1700, 1700, 1700, 1700, 1700, 1700, 1700, 1700, 1700, 1700, 1700, 1700,
	1700, 1700, 1700, 1700, 1700, 1700, 1700, 1700, 1700, 1700, 1700, 1700, 1700, 1700,
	1700, 1700, 1700, 1700, 1700, 1700, 1700, 1700, 1700, 1700, 1700, 1700, 1700, 1700,
	1700, 1700, 1700, 1700, 1700, 1700, 1700, 1700, 1700, 1700, 1700, 1700, 1700, 1700,
	1700, 1700, 1700, 1700, 1700, 1700, 1700, 1700, 1700, 1700, 1700, 1700, 1700, 1700,
	1700, 1700, 1700, 1700, 1700, 1700, 1700, 1700, 1700, 1700, 1700, 1700, 1700, 1700,
}
OPEN_Lower = {
	2000, 2000, 2000, 2000, 2000, 2000, 2000, 2000, 2000, 2000, 2000, 2000, 2000, 2000, 
	2000, 2000, 2000, 2000, 2000, 2000, 2000, 2000, 2000, 2000, 2000, 2000, 2000, 2000, 
	2000, 2000, 2000, 2000, 2000, 2000, 2000, 2000, 2000, 2000, 2000, 2000, 2000, 2000, 
	2000, 2000, 2000, 2000, 2000, 2000, 2000, 2000, 2000, 2000, 2000, 2000, 2000, 2000, 
	2000, 2000, 2000, 2000, 2000, 2000, 2000, 2000, 2000, 2000, 2000, 2000, 2000, 2000, 
	2000, 2000, 2000, 2000, 2000, 2000, 2000, 2000, 2000, 2000, 2000, 2000, 2000, 2000, 
	2000, 2000, 2000, 2000, 2000, 2000, 2000, 2000, 2000, 2000, 2000, 2000, 2000, 2000, 
	2000, 2000, 2000, 2000, 2000, 2000, 2000, 2000, 2000, 2000, 2000, 2000, 2000, 2000, 
	2000, 2000, 2000, 2000, 2000, 2000, 2000, 2000, 2000, 2000, 2000, 2000, 2000, 2000, 
	2000, 2000, 2000, 2000, 2000, 2000, 2000, 2000, 2000, 2000, 2000, 2000, 2000, 2000, 
	2000, 2000, 2000, 2000, 2000, 2000, 2000, 2000, 2000, 2000, 2000, 2000, 2000, 2000, 
	2000, 2000, 2000, 2000, 2000, 2000, 2000, 2000, 2000, 2000, 2000, 2000, 2000, 2000, 
	2000, 2000, 2000, 2000, 2000, 2000, 2000, 2000, 2000, 2000, 2000, 2000, 2000, 2000, 
	2000, 2000, 2000, 2000, 2000, 2000, 2000, 2000, 2000, 2000, 2000, 2000, 2000, 2000, 
	2000, 2000, 2000, 2000, 2000, 2000, 2000, 2000, 2000, 2000, 2000, 2000, 2000, 2000, 
	2000, 2000, 2000, 2000, 2000, 2000, 2000, 2000, 2000, 2000, 2000, 2000, 2000, 2000, 
	2000, 2000, 2000, 2000, 2000, 2000, 2000, 2000, 2000, 2000, 2000, 2000, 2000, 2000, 
	2000, 2000, 2000, 2000, 2000, 2000, 2000, 2000, 2000, 2000, 2000, 2000, 2000, 2000, 
	2000, 2000, 2000, 2000, 2000, 2000, 2000, 2000, 2000, 2000, 2000, 2000, 2000, 2000, 
	2000, 2000, 2000, 2000, 2000, 2000, 2000, 2000, 2000, 2000, 2000, 2000, 2000, 2000, 
	2000, 2000, 2000, 2000, 2000, 2000, 2000, 2000, 2000, 2000, 2000, 2000, 2000, 2000, 
	2000, 2000, 2000, 2000, 2000, 2000, 2000, 2000, 2000, 2000, 2000, 2000, 2000, 2000, 
	2000, 2000, 2000, 2000, 2000, 2000, 2000, 2000, 2000, 2000, 2000, 2000, 2000, 2000, 
	2000, 2000, 2000, 2000, 2000, 2000, 2000, 2000, 2000, 2000, 2000, 2000, 2000, 2000, 
	2000, 2000, 2000, 2000, 2000, 2000, 2000, 2000, 2000, 2000, 2000, 2000, 2000, 2000, 
	2000, 2000, 2000, 2000, 2000, 2000, 2000, 2000, 2000, 2000, 2000, 2000, 2000, 2000, 
	2000, 2000, 2000, 2000, 2000, 2000, 2000, 2000, 2000, 2000, 2000, 2000, 2000, 2000, 
	2000, 2000, 2000, 2000, 2000, 2000, 2000, 2000, 2000, 2000, 2000, 2000, 2000, 2000,
}
OPEN_Upper = {
	4400, 4400, 4400, 4400, 4400, 4400, 4400, 4400, 4400, 4400, 4400, 4400, 4400, 4400, 
	4400, 4400, 4400, 4400, 4400, 4400, 4400, 4400, 4400, 4400, 4400, 4400, 4400, 4400, 
	4400, 4400, 4400, 4400, 4400, 4400, 4400, 4400, 4400, 4400, 4400, 4400, 4400, 4400, 
	4400, 4400, 4400, 4400, 4400, 4400, 4400, 4400, 4400, 4400, 4400, 4400, 4400, 4400, 
	4400, 4400, 4400, 4400, 4400, 4400, 4400, 4400, 4400, 4400, 4400, 4400, 4400, 4400, 
	4400, 4400, 4400, 4400, 4400, 4400, 4400, 4400, 4400, 4400, 4400, 4400, 4400, 4400, 
	4400, 4400, 4400, 4400, 4400, 4400, 4400, 4400, 4400, 4400, 4400, 4400, 4400, 4400, 
	4400, 4400, 4400, 4400, 4400, 4400, 4400, 4400, 4400, 4400, 4400, 4400, 4400, 4400, 
	4400, 4400, 4400, 4400, 4400, 4400, 4400, 4400, 4400, 4400, 4400, 4400, 4400, 4400, 
	4400, 4400, 4400, 4400, 4400, 4400, 4400, 4400, 4400, 4400, 4400, 4400, 4400, 4400, 
	4400, 4400, 4400, 4400, 4400, 4400, 4400, 4400, 4400, 4400, 4400, 4400, 4400, 4400, 
	4400, 4400, 4400, 4400, 4400, 4400, 4400, 4400, 4400, 4400, 4400, 4400, 4400, 4400, 
	4400, 4400, 4400, 4400, 4400, 4400, 4400, 4400, 4400, 4400, 4400, 4400, 4400, 4400, 
	4400, 4400, 4400, 4400, 4400, 4400, 4400, 4400, 4400, 4400, 4400, 4400, 4400, 4400, 
	4400, 4400, 4400, 4400, 4400, 4400, 4400, 4400, 4400, 4400, 4400, 4400, 4400, 4400, 
	4400, 4400, 4400, 4400, 4400, 4400, 4400, 4400, 4400, 4400, 4400, 4400, 4400, 4400, 
	4400, 4400, 4400, 4400, 4400, 4400, 4400, 4400, 4400, 4400, 4400, 4400, 4400, 4400, 
	4400, 4400, 4400, 4400, 4400, 4400, 4400, 4400, 4400, 4400, 4400, 4400, 4400, 4400, 
	4400, 4400, 4400, 4400, 4400, 4400, 4400, 4400, 4400, 4400, 4400, 4400, 4400, 4400, 
	4400, 4400, 4400, 4400, 4400, 4400, 4400, 4400, 4400, 4400, 4400, 4400, 4400, 4400, 
	4400, 4400, 4400, 4400, 4400, 4400, 4400, 4400, 4400, 4400, 4400, 4400, 4400, 4400, 
	4400, 4400, 4400, 4400, 4400, 4400, 4400, 4400, 4400, 4400, 4400, 4400, 4400, 4400, 
	4400, 4400, 4400, 4400, 4400, 4400, 4400, 4400, 4400, 4400, 4400, 4400, 4400, 4400, 
	4400, 4400, 4400, 4400, 4400, 4400, 4400, 4400, 4400, 4400, 4400, 4400, 4400, 4400, 
	4400, 4400, 4400, 4400, 4400, 4400, 4400, 4400, 4400, 4400, 4400, 4400, 4400, 4400, 
	4400, 4400, 4400, 4400, 4400, 4400, 4400, 4400, 4400, 4400, 4400, 4400, 4400, 4400,
	4400, 4400, 4400, 4400, 4400, 4400, 4400, 4400, 4400, 4400, 4400, 4400, 4400, 4400, 
	4400, 4400, 4400, 4400, 4400, 4400, 4400, 4400, 4400, 4400, 4400, 4400, 4400, 4400,	
}
SHORT_Lower = {
	1300, 1300, 1300, 1300, 1300, 1300, 1300, 1300, 1300, 1300, 1300, 1300, 1300, 1300, 
	1300, 1300, 1300, 1300, 1300, 1300, 1300, 1300, 1300, 1300, 1300, 1300, 1300, 1300, 
	1300, 1300, 1300, 1300, 1300, 1300, 1300, 1300, 1300, 1300, 1300, 1300, 1300, 1300, 
	1300, 1300, 1300, 1300, 1300, 1300, 1300, 1300, 1300, 1300, 1300, 1300, 1300, 1300, 
	1300, 1300, 1300, 1300, 1300, 1300, 1300, 1300, 1300, 1300, 1300, 1300, 1300, 1300, 
	1300, 1300, 1300, 1300, 1300, 1300, 1300, 1300, 1300, 1300, 1300, 1300, 1300, 1300, 
	1300, 1300, 1300, 1300, 1300, 1300, 1300, 1300, 1300, 1300, 1300, 1300, 1300, 1300, 
	1300, 1300, 1300, 1300, 1300, 1300, 1300, 1300, 1300, 1300, 1300, 1300, 1300, 1300, 
	1300, 1300, 1300, 1300, 1300, 1300, 1300, 1300, 1300, 1300, 1300, 1300, 1300, 1300, 
	1300, 1300, 1300, 1300, 1300, 1300, 1300, 1300, 1300, 1300, 1300, 1300, 1300, 1300, 
	1300, 1300, 1300, 1300, 1300, 1300, 1300, 1300, 1300, 1300, 1300, 1300, 1300, 1300, 
	1300, 1300, 1300, 1300, 1300, 1300, 1300, 1300, 1300, 1300, 1300, 1300, 1300, 1300, 
	1300, 1300, 1300, 1300, 1300, 1300, 1300, 1300, 1300, 1300, 1300, 1300, 1300, 1300, 
	1300, 1300, 1300, 1300, 1300, 1300, 1300, 1300, 1300, 1300, 1300, 1300, 1300, 1300, 
	1300, 1300, 1300, 1300, 1300, 1300, 1300, 1300, 1300, 1300, 1300, 1300, 1300, 1300, 
	1300, 1300, 1300, 1300, 1300, 1300, 1300, 1300, 1300, 1300, 1300, 1300, 1300, 1300,  
	1300, 1300, 1300, 1300, 1300, 1300, 1300, 1300, 1300, 1300, 1300, 1300, 1300, 1300, 
	1300, 1300, 1300, 1300, 1300, 1300, 1300, 1300, 1300, 1300, 1300, 1300, 1300, 1300, 
	1300, 1300, 1300, 1300, 1300, 1300, 1300, 1300, 1300, 1300, 1300, 1300, 1300, 1300, 
	1300, 1300, 1300, 1300, 1300, 1300, 1300, 1300, 1300, 1300, 1300, 1300, 1300, 1300, 
	1300, 1300, 1300, 1300, 1300, 1300, 1300, 1300, 1300, 1300, 1300, 1300, 1300, 1300, 
	1300, 1300, 1300, 1300, 1300, 1300, 1300, 1300, 1300, 1300, 1300, 1300, 1300, 1300, 
	1300, 1300, 1300, 1300, 1300, 1300, 1300, 1300, 1300, 1300, 1300, 1300, 1300, 1300, 
	1300, 1300, 1300, 1300, 1300, 1300, 1300, 1300, 1300, 1300, 1300, 1300, 1300, 1300,
	1300, 1300, 1300, 1300, 1300, 1300, 1300, 1300, 1300, 1300, 1300, 1300, 1300, 1300, 
	1300, 1300, 1300, 1300, 1300, 1300, 1300, 1300, 1300, 1300, 1300, 1300, 1300, 1300,
	1300, 1300, 1300, 1300, 1300, 1300, 1300, 1300, 1300, 1300, 1300, 1300, 1300, 1300, 
	1300, 1300, 1300, 1300, 1300, 1300, 1300, 1300, 1300, 1300, 1300, 1300, 1300, 1300,
}
SHORT_Upper = {
	2070, 2070, 2070, 2070, 2070, 2070, 2070, 2070, 2070, 2070, 2070, 2070, 2070, 2070, 
	2070, 2070, 2070, 2070, 2070, 2070, 2070, 2070, 2070, 2070, 2070, 2070, 2070, 2070, 
	2070, 2070, 2070, 2070, 2070, 2070, 2070, 2070, 2070, 2070, 2070, 2070, 2070, 2070, 
	2070, 2070, 2070, 2070, 2070, 2070, 2070, 2070, 2070, 2070, 2070, 2070, 2070, 2070, 
	2070, 2070, 2070, 2070, 2070, 2070, 2070, 2070, 2070, 2070, 2070, 2070, 2070, 2070, 
	2070, 2070, 2070, 2070, 2070, 2070, 2070, 2070, 2070, 2070, 2070, 2070, 2070, 2070, 
	2070, 2070, 2070, 2070, 2070, 2070, 2070, 2070, 2070, 2070, 2070, 2070, 2070, 2070, 
	2070, 2070, 2070, 2070, 2070, 2070, 2070, 2070, 2070, 2070, 2070, 2070, 2070, 2070, 
	2070, 2070, 2070, 2070, 2070, 2070, 2070, 2070, 2070, 2070, 2070, 2070, 2070, 2070, 
	2070, 2070, 2070, 2070, 2070, 2070, 2070, 2070, 2070, 2070, 2070, 2070, 2070, 2070, 
	2070, 2070, 2070, 2070, 2070, 2070, 2070, 2070, 2070, 2070, 2070, 2070, 2070, 2070, 
	2070, 2070, 2070, 2070, 2070, 2070, 2070, 2070, 2070, 2070, 2070, 2070, 2070, 2070, 
	2070, 2070, 2070, 2070, 2070, 2070, 2070, 2070, 2070, 2070, 2070, 2070, 2070, 2070, 
	2070, 2070, 2070, 2070, 2070, 2070, 2070, 2070, 2070, 2070, 2070, 2070, 2070, 2070, 
	2070, 2070, 2070, 2070, 2070, 2070, 2070, 2070, 2070, 2070, 2070, 2070, 2070, 2070, 
	2070, 2070, 2070, 2070, 2070, 2070, 2070, 2070, 2070, 2070, 2070, 2070, 2070, 2070, 
	2070, 2070, 2070, 2070, 2070, 2070, 2070, 2070, 2070, 2070, 2070, 2070, 2070, 2070, 
	2070, 2070, 2070, 2070, 2070, 2070, 2070, 2070, 2070, 2070, 2070, 2070, 2070, 2070, 
	2070, 2070, 2070, 2070, 2070, 2070, 2070, 2070, 2070, 2070, 2070, 2070, 2070, 2070, 
	2070, 2070, 2070, 2070, 2070, 2070, 2070, 2070, 2070, 2070, 2070, 2070, 2070, 2070, 
	2070, 2070, 2070, 2070, 2070, 2070, 2070, 2070, 2070, 2070, 2070, 2070, 2070, 2070, 
	2070, 2070, 2070, 2070, 2070, 2070, 2070, 2070, 2070, 2070, 2070, 2070, 2070, 2070, 
	2070, 2070, 2070, 2070, 2070, 2070, 2070, 2070, 2070, 2070, 2070, 2070, 2070, 2070, 
	2070, 2070, 2070, 2070, 2070, 2070, 2070, 2070, 2070, 2070, 2070, 2070, 2070, 2070, 
	2070, 2070, 2070, 2070, 2070, 2070, 2070, 2070, 2070, 2070, 2070, 2070, 2070, 2070, 
	2070, 2070, 2070, 2070, 2070, 2070, 2070, 2070, 2070, 2070, 2070, 2070, 2070, 2070,
	2070, 2070, 2070, 2070, 2070, 2070, 2070, 2070, 2070, 2070, 2070, 2070, 2070, 2070, 
	2070, 2070, 2070, 2070, 2070, 2070, 2070, 2070, 2070, 2070, 2070, 2070, 2070, 2070, 	
}
U3_BLU_JITTER_Lower = {
	0, 0, 0, 0, 0, 0, 0, 0, 0, 0, 0, 0, 0, 0, 
	0, 0, 0, 0, 0, 0, 0, 0, 0, 0, 0, 0, 0, 0, 
	0, 0, 0, 0, 0, 0, 0, 0, 0, 0, 0, 0, 0, 0, 
	0, 0, 0, 0, 0, 0, 0, 0, 0, 0, 0, 0, 0, 0, 
	0, 0, 0, 0, 0, 0, 0, 0, 0, 0, 0, 0, 0, 0, 
	0, 0, 0, 0, 0, 0, 0, 0, 0, 0, 0, 0, 0, 0, 
	0, 0, 0, 0, 0, 0, 0, 0, 0, 0, 0, 0, 0, 0, 
	0, 0, 0, 0, 0, 0, 0, 0, 0, 0, 0, 0, 0, 0, 
	0, 0, 0, 0, 0, 0, 0, 0, 0, 0, 0, 0, 0, 0, 
	0, 0, 0, 0, 0, 0, 0, 0, 0, 0, 0, 0, 0, 0, 
	0, 0, 0, 0, 0, 0, 0, 0, 0, 0, 0, 0, 0, 0, 
	0, 0, 0, 0, 0, 0, 0, 0, 0, 0, 0, 0, 0, 0, 
	0, 0, 0, 0, 0, 0, 0, 0, 0, 0, 0, 0, 0, 0, 
	0, 0, 0, 0, 0, 0, 0, 0, 0, 0, 0, 0, 0, 0, 
	0, 0, 0, 0, 0, 0, 0, 0, 0, 0, 0, 0, 0, 0, 
	0, 0, 0, 0, 0, 0, 0, 0, 0, 0, 0, 0, 0, 0, 
	0, 0, 0, 0, 0, 0, 0, 0, 0, 0, 0, 0, 0, 0, 
	0, 0, 0, 0, 0, 0, 0, 0, 0, 0, 0, 0, 0, 0, 
	0, 0, 0, 0, 0, 0, 0, 0, 0, 0, 0, 0, 0, 0, 
	0, 0, 0, 0, 0, 0, 0, 0, 0, 0, 0, 0, 0, 0, 
	0, 0, 0, 0, 0, 0, 0, 0, 0, 0, 0, 0, 0, 0, 
	0, 0, 0, 0, 0, 0, 0, 0, 0, 0, 0, 0, 0, 0, 
	0, 0, 0, 0, 0, 0, 0, 0, 0, 0, 0, 0, 0, 0, 
	0, 0, 0, 0, 0, 0, 0, 0, 0, 0, 0, 0, 0, 0, 
	0, 0, 0, 0, 0, 0, 0, 0, 0, 0, 0, 0, 0, 0, 
	0, 0, 0, 0, 0, 0, 0, 0, 0, 0, 0, 0, 0, 0, 
}
U3_BLU_JITTER_Upper = {
	70, 70, 70, 70, 70, 70, 70, 70, 70, 70, 70, 70, 70, 70, 
	70, 70, 70, 70, 70, 70, 70, 70, 70, 70, 70, 70, 70, 70, 
	70, 70, 70, 70, 70, 70, 70, 70, 70, 70, 70, 70, 70, 70, 
	70, 70, 70, 70, 70, 70, 70, 70, 70, 70, 70, 70, 70, 70, 
	70, 70, 70, 70, 70, 70, 70, 70, 70, 70, 70, 70, 70, 70, 
	70, 70, 70, 70, 70, 70, 70, 70, 70, 70, 70, 70, 70, 70, 
	70, 70, 70, 70, 70, 70, 70, 70, 70, 70, 70, 70, 70, 70, 
	70, 70, 70, 70, 70, 70, 70, 70, 70, 70, 70, 70, 70, 70, 
	70, 70, 70, 70, 70, 70, 70, 70, 70, 70, 70, 70, 70, 70, 
	70, 70, 70, 70, 70, 70, 70, 70, 70, 70, 70, 70, 70, 70, 
	70, 70, 70, 70, 70, 70, 70, 70, 70, 70, 70, 70, 70, 70, 
	70, 70, 70, 70, 70, 70, 70, 70, 70, 70, 70, 70, 70, 70, 
	70, 70, 70, 70, 70, 70, 70, 70, 70, 70, 70, 70, 70, 70, 
	70, 70, 70, 70, 70, 70, 70, 70, 70, 70, 70, 70, 70, 70, 
	70, 70, 70, 70, 70, 70, 70, 70, 70, 70, 70, 70, 70, 70, 
	70, 70, 70, 70, 70, 70, 70, 70, 70, 70, 70, 70, 70, 70, 
	70, 70, 70, 70, 70, 70, 70, 70, 70, 70, 70, 70, 70, 70, 
	70, 70, 70, 70, 70, 70, 70, 70, 70, 70, 70, 70, 70, 70, 
	70, 70, 70, 70, 70, 70, 70, 70, 70, 70, 70, 70, 70, 70, 
	70, 70, 70, 70, 70, 70, 70, 70, 70, 70, 70, 70, 70, 70, 
	70, 70, 70, 70, 70, 70, 70, 70, 70, 70, 70, 70, 70, 70, 
	70, 70, 70, 70, 70, 70, 70, 70, 70, 70, 70, 70, 70, 70, 
	70, 70, 70, 70, 70, 70, 70, 70, 70, 70, 70, 70, 70, 70, 
	70, 70, 70, 70, 70, 70, 70, 70, 70, 70, 70, 70, 70, 70, 
	70, 70, 70, 70, 70, 70, 70, 70, 70, 70, 70, 70, 70, 70, 
	70, 70, 70, 70, 70, 70, 70, 70, 70, 70, 70, 70, 70, 70, 
}
U3_JITTER_Lower = {
	0, 0, 0, 0, 0, 0, 0, 0, 0, 0, 0, 0, 0, 0, 	  
	0, 0, 0, 0, 0, 0, 0, 0, 0, 0, 0, 0, 0, 0,	  
	0, 0, 0, 0, 0, 0, 0, 0, 0, 0, 0, 0, 0, 0,	  
	0, 0, 0, 0, 0, 0, 0, 0, 0, 0, 0, 0, 0, 0,	  
	0, 0, 0, 0, 0, 0, 0, 0, 0, 0, 0, 0, 0, 0,	  
	0, 0, 0, 0, 0, 0, 0, 0, 0, 0, 0, 0, 0, 0,	  
	0, 0, 0, 0, 0, 0, 0, 0, 0, 0, 0, 0, 0, 0,	  
	0, 0, 0, 0, 0, 0, 0, 0, 0, 0, 0, 0, 0, 0,	  
	0, 0, 0, 0, 0, 0, 0, 0, 0, 0, 0, 0, 0, 0,	  
	0, 0, 0, 0, 0, 0, 0, 0, 0, 0, 0, 0, 0, 0,	  
	0, 0, 0, 0, 0, 0, 0, 0, 0, 0, 0, 0, 0, 0,	  
	0, 0, 0, 0, 0, 0, 0, 0, 0, 0, 0, 0, 0, 0,	  
	0, 0, 0, 0, 0, 0, 0, 0, 0, 0, 0, 0, 0, 0,	  
	0, 0, 0, 0, 0, 0, 0, 0, 0, 0, 0, 0, 0, 0,	  
	0, 0, 0, 0, 0, 0, 0, 0, 0, 0, 0, 0, 0, 0,	  
	0, 0, 0, 0, 0, 0, 0, 0, 0, 0, 0, 0, 0, 0,	  
	0, 0, 0, 0, 0, 0, 0, 0, 0, 0, 0, 0, 0, 0,	  
	0, 0, 0, 0, 0, 0, 0, 0, 0, 0, 0, 0, 0, 0,	  
	0, 0, 0, 0, 0, 0, 0, 0, 0, 0, 0, 0, 0, 0,	  
	0, 0, 0, 0, 0, 0, 0, 0, 0, 0, 0, 0, 0, 0,	  
	0, 0, 0, 0, 0, 0, 0, 0, 0, 0, 0, 0, 0, 0,	  
	0, 0, 0, 0, 0, 0, 0, 0, 0, 0, 0, 0, 0, 0,	  
	0, 0, 0, 0, 0, 0, 0, 0, 0, 0, 0, 0, 0, 0,	  
	0, 0, 0, 0, 0, 0, 0, 0, 0, 0, 0, 0, 0, 0,	  
	0, 0, 0, 0, 0, 0, 0, 0, 0, 0, 0, 0, 0, 0,	  
	0, 0, 0, 0, 0, 0, 0, 0, 0, 0, 0, 0, 0, 0,
	0, 0, 0, 0, 0, 0, 0, 0, 0, 0, 0, 0, 0, 0,	  
	0, 0, 0, 0, 0, 0, 0, 0, 0, 0, 0, 0, 0, 0,	  
}
U3_JITTER_Upper = {
	70, 70, 70, 70, 70, 70, 70, 70, 70, 70, 70, 70, 70, 70, 
	70, 70, 70, 70, 70, 70, 70, 70, 70, 70, 70, 70, 70, 70, 
	70, 70, 70, 70, 70, 70, 70, 70, 70, 70, 70, 70, 70, 70, 
	70, 70, 70, 70, 70, 70, 70, 70, 70, 70, 70, 70, 70, 70, 
	70, 70, 70, 70, 70, 70, 70, 70, 70, 70, 70, 70, 70, 70, 
	70, 70, 70, 70, 70, 70, 70, 70, 70, 70, 70, 70, 70, 70, 
	70, 70, 70, 70, 70, 70, 70, 70, 70, 70, 70, 70, 70, 70, 
	70, 70, 70, 70, 70, 70, 70, 70, 70, 70, 70, 70, 70, 70, 
	70, 70, 70, 70, 70, 70, 70, 70, 70, 70, 70, 70, 70, 70, 
	70, 70, 70, 70, 70, 70, 70, 70, 70, 70, 70, 70, 70, 70, 
	70, 70, 70, 70, 70, 70, 70, 70, 70, 70, 70, 70, 70, 70, 
	70, 70, 70, 70, 70, 70, 70, 70, 70, 70, 70, 70, 70, 70, 
	70, 70, 70, 70, 70, 70, 70, 70, 70, 70, 70, 70, 70, 70, 
	70, 70, 70, 70, 70, 70, 70, 70, 70, 70, 70, 70, 70, 70, 
	70, 70, 70, 70, 70, 70, 70, 70, 70, 70, 70, 70, 70, 70, 
	70, 70, 70, 70, 70, 70, 70, 70, 70, 70, 70, 70, 70, 70, 
	70, 70, 70, 70, 70, 70, 70, 70, 70, 70, 70, 70, 70, 70, 
	70, 70, 70, 70, 70, 70, 70, 70, 70, 70, 70, 70, 70, 70, 
	70, 70, 70, 70, 70, 70, 70, 70, 70, 70, 70, 70, 70, 70, 
	70, 70, 70, 70, 70, 70, 70, 70, 70, 70, 70, 70, 70, 70, 
	70, 70, 70, 70, 70, 70, 70, 70, 70, 70, 70, 70, 70, 70, 
	70, 70, 70, 70, 70, 70, 70, 70, 70, 70, 70, 70, 70, 70, 
	70, 70, 70, 70, 70, 70, 70, 70, 70, 70, 70, 70, 70, 70, 
	70, 70, 70, 70, 70, 70, 70, 70, 70, 70, 70, 70, 70, 70, 
	70, 70, 70, 70, 70, 70, 70, 70, 70, 70, 70, 70, 70, 70, 
	70, 70, 70, 70, 70, 70, 70, 70, 70, 70, 70, 70, 70, 70,
	70, 70, 70, 70, 70, 70, 70, 70, 70, 70, 70, 70, 70, 70, 
	70, 70, 70, 70, 70, 70, 70, 70, 70, 70, 70, 70, 70, 70,	
}
U0_JITTER_Lower = {
	0, 0, 0, 0, 0, 0, 0, 0, 0, 0, 0, 0, 0, 0, 
	0, 0, 0, 0, 0, 0, 0, 0, 0, 0, 0, 0, 0, 0, 
	0, 0, 0, 0, 0, 0, 0, 0, 0, 0, 0, 0, 0, 0, 
	0, 0, 0, 0, 0, 0, 0, 0, 0, 0, 0, 0, 0, 0, 
	0, 0, 0, 0, 0, 0, 0, 0, 0, 0, 0, 0, 0, 0, 
	0, 0, 0, 0, 0, 0, 0, 0, 0, 0, 0, 0, 0, 0, 
	0, 0, 0, 0, 0, 0, 0, 0, 0, 0, 0, 0, 0, 0, 
	0, 0, 0, 0, 0, 0, 0, 0, 0, 0, 0, 0, 0, 0, 
	0, 0, 0, 0, 0, 0, 0, 0, 0, 0, 0, 0, 0, 0, 
	0, 0, 0, 0, 0, 0, 0, 0, 0, 0, 0, 0, 0, 0, 
	0, 0, 0, 0, 0, 0, 0, 0, 0, 0, 0, 0, 0, 0, 
	0, 0, 0, 0, 0, 0, 0, 0, 0, 0, 0, 0, 0, 0, 
	0, 0, 0, 0, 0, 0, 0, 0, 0, 0, 0, 0, 0, 0, 
	0, 0, 0, 0, 0, 0, 0, 0, 0, 0, 0, 0, 0, 0, 
	0, 0, 0, 0, 0, 0, 0, 0, 0, 0, 0, 0, 0, 0, 
	0, 0, 0, 0, 0, 0, 0, 0, 0, 0, 0, 0, 0, 0, 
	0, 0, 0, 0, 0, 0, 0, 0, 0, 0, 0, 0, 0, 0, 
	0, 0, 0, 0, 0, 0, 0, 0, 0, 0, 0, 0, 0, 0, 
	0, 0, 0, 0, 0, 0, 0, 0, 0, 0, 0, 0, 0, 0, 
	0, 0, 0, 0, 0, 0, 0, 0, 0, 0, 0, 0, 0, 0, 
	0, 0, 0, 0, 0, 0, 0, 0, 0, 0, 0, 0, 0, 0, 
	0, 0, 0, 0, 0, 0, 0, 0, 0, 0, 0, 0, 0, 0, 
	0, 0, 0, 0, 0, 0, 0, 0, 0, 0, 0, 0, 0, 0, 
	0, 0, 0, 0, 0, 0, 0, 0, 0, 0, 0, 0, 0, 0, 
	0, 0, 0, 0, 0, 0, 0, 0, 0, 0, 0, 0, 0, 0, 
	0, 0, 0, 0, 0, 0, 0, 0, 0, 0, 0, 0, 0, 0,
	0, 0, 0, 0, 0, 0, 0, 0, 0, 0, 0, 0, 0, 0, 
	0, 0, 0, 0, 0, 0, 0, 0, 0, 0, 0, 0, 0, 0,	
}
U0_JITTER_Upper = {
	65, 65, 65, 65, 65, 65, 65, 65, 65, 65, 65, 65, 65, 65, 
	65, 65, 65, 65, 65, 65, 65, 65, 65, 65, 65, 65, 65, 65, 
	65, 65, 65, 65, 65, 65, 65, 65, 65, 65, 65, 65, 65, 65, 
	65, 65, 65, 65, 65, 65, 65, 65, 65, 65, 65, 65, 65, 65, 
	65, 65, 65, 65, 65, 65, 65, 65, 65, 65, 65, 65, 65, 65, 
	65, 65, 65, 65, 65, 65, 65, 65, 65, 65, 65, 65, 65, 65, 
	65, 65, 65, 65, 65, 65, 65, 65, 65, 65, 65, 65, 65, 65, 
	65, 65, 65, 65, 65, 65, 65, 65, 65, 65, 65, 65, 65, 65, 
	65, 65, 65, 65, 65, 65, 65, 65, 65, 65, 65, 65, 65, 65, 
	65, 65, 65, 65, 65, 65, 65, 65, 65, 65, 65, 65, 65, 65, 
	65, 65, 65, 65, 65, 65, 65, 65, 65, 65, 65, 65, 65, 65, 
	65, 65, 65, 65, 65, 65, 65, 65, 65, 65, 65, 65, 65, 65, 
	65, 65, 65, 65, 65, 65, 65, 65, 65, 65, 65, 65, 65, 65, 
	65, 65, 65, 65, 65, 65, 65, 65, 65, 65, 65, 65, 65, 65, 
	65, 65, 65, 65, 65, 65, 65, 65, 65, 65, 65, 65, 65, 65, 
	65, 65, 65, 65, 65, 65, 65, 65, 65, 65, 65, 65, 65, 65, 
	65, 65, 65, 65, 65, 65, 65, 65, 65, 65, 65, 65, 65, 65, 
	65, 65, 65, 65, 65, 65, 65, 65, 65, 65, 65, 65, 65, 65, 
	65, 65, 65, 65, 65, 65, 65, 65, 65, 65, 65, 65, 65, 65, 
	65, 65, 65, 65, 65, 65, 65, 65, 65, 65, 65, 65, 65, 65, 
	65, 65, 65, 65, 65, 65, 65, 65, 65, 65, 65, 65, 65, 65, 
	65, 65, 65, 65, 65, 65, 65, 65, 65, 65, 65, 65, 65, 65, 
	65, 65, 65, 65, 65, 65, 65, 65, 65, 65, 65, 65, 65, 65, 
	65, 65, 65, 65, 65, 65, 65, 65, 65, 65, 65, 65, 65, 65, 
	65, 65, 65, 65, 65, 65, 65, 65, 65, 65, 65, 65, 65, 65, 
	65, 65, 65, 65, 65, 65, 65, 65, 65, 65, 65, 65, 65, 65, 
	65, 65, 65, 65, 65, 65, 65, 65, 65, 65, 65, 65, 65, 65, 
	65, 65, 65, 65, 65, 65, 65, 65, 65, 65, 65, 65, 65, 65,
}
AVERAGE_JITTER = {
	35, 35, 35, 35, 35, 35, 35, 35, 35, 35, 35, 35, 35, 35, 
	35, 35, 35, 35, 35, 35, 35, 35, 35, 35, 35, 35, 35, 35, 
	35, 35, 35, 35, 35, 35, 35, 35, 35, 35, 35, 35, 35, 35, 
	35, 35, 35, 35, 35, 35, 35, 35, 35, 35, 35, 35, 35, 35, 
	35, 35, 35, 35, 35, 35, 35, 35, 35, 35, 35, 35, 35, 35, 
	35, 35, 35, 35, 35, 35, 35, 35, 35, 35, 35, 35, 35, 35, 
	35, 35, 35, 35, 35, 35, 35, 35, 35, 35, 35, 35, 35, 35, 
	35, 35, 35, 35, 35, 35, 35, 35, 35, 35, 35, 35, 35, 35, 
	35, 35, 35, 35, 35, 35, 35, 35, 35, 35, 35, 35, 35, 35, 
	35, 35, 35, 35, 35, 35, 35, 35, 35, 35, 35, 35, 35, 35, 
	35, 35, 35, 35, 35, 35, 35, 35, 35, 35, 35, 35, 35, 35, 
	35, 35, 35, 35, 35, 35, 35, 35, 35, 35, 35, 35, 35, 35, 
	35, 35, 35, 35, 35, 35, 35, 35, 35, 35, 35, 35, 35, 35, 
	35, 35, 35, 35, 35, 35, 35, 35, 35, 35, 35, 35, 35, 35, 
	35, 35, 35, 35, 35, 35, 35, 35, 35, 35, 35, 35, 35, 35, 
	35, 35, 35, 35, 35, 35, 35, 35, 35, 35, 35, 35, 35, 35, 
	35, 35, 35, 35, 35, 35, 35, 35, 35, 35, 35, 35, 35, 35, 
	35, 35, 35, 35, 35, 35, 35, 35, 35, 35, 35, 35, 35, 35, 
	35, 35, 35, 35, 35, 35, 35, 35, 35, 35, 35, 35, 35, 35, 
	35, 35, 35, 35, 35, 35, 35, 35, 35, 35, 35, 35, 35, 35, 
	35, 35, 35, 35, 35, 35, 35, 35, 35, 35, 35, 35, 35, 35, 
	35, 35, 35, 35, 35, 35, 35, 35, 35, 35, 35, 35, 35, 35, 
	35, 35, 35, 35, 35, 35, 35, 35, 35, 35, 35, 35, 35, 35, 
	35, 35, 35, 35, 35, 35, 35, 35, 35, 35, 35, 35, 35, 35, 
	35, 35, 35, 35, 35, 35, 35, 35, 35, 35, 35, 35, 35, 35, 
	35, 35, 35, 35, 35, 35, 35, 35, 35, 35, 35, 35, 35, 35,
	35, 35, 35, 35, 35, 35, 35, 35, 35, 35, 35, 35, 35, 35, 
	35, 35, 35, 35, 35, 35, 35, 35, 35, 35, 35, 35, 35, 35,	
}